10                  0 0 0 0 0 0 0 0 0 0 0 0 1 0 
11                  1 1 0 0 0 0 0 0 0 0 0 0 0 0 
16th                0 0 0 0 0 0 0 0 0 1 0 0 0 0 
18th                0 0 0 0 0 0 0 0 0 0 1 0 0 0 
19th                0 0 0 0 0 0 0 0 0 0 0 1 0 0 
20                  0 0 0 0 0 0 0 1 0 0 0 0 0 0 
22                  0 1 0 0 0 0 0 0 0 0 0 0 0 0 
a                   0 3 0 0 1 0 0 1 0 0 0 0 0 0 
additional          0 0 0 0 0 0 0 0 1 0 0 0 0 0 
an                  0 0 0 1 0 0 0 0 0 0 0 0 0 0 
and                 0 1 0 0 1 0 1 0 2 0 0 1 0 1 
are                 0 0 0 0 0 0 1 0 1 0 0 0 0 0 
as                  0 0 0 1 0 0 0 0 0 0 0 0 0 0 
at                  0 1 0 0 0 0 1 0 0 0 0 0 0 0 
attempting          0 0 1 0 0 0 0 0 0 0 0 0 0 0 
attempts            0 0 0 0 1 0 0 0 0 0 0 0 0 0 
australasia         0 0 0 0 0 0 0 0 0 0 0 0 0 1 
ball                1 1 0 0 2 0 0 0 0 0 0 0 0 0 
bat                 1 1 1 0 1 0 0 0 0 0 0 0 0 0 
batsman             0 0 0 0 1 1 0 0 0 0 0 0 0 0 
batsmen             0 0 0 0 0 0 1 0 0 0 0 0 0 0 
batting             0 0 0 0 0 1 2 0 0 0 0 0 0 0 
being               0 0 0 0 0 0 0 0 0 0 0 2 0 0 
between             0 1 0 0 0 0 0 0 0 0 0 0 0 0 
body                0 0 0 0 0 0 0 0 0 0 0 0 1 0 
bowler              0 0 0 0 1 0 0 0 0 0 0 0 0 0 
bowling             0 0 0 0 0 0 0 1 0 0 0 0 0 0 
british             0 0 0 0 0 0 0 0 0 0 0 1 0 0 
by                  0 0 0 0 0 0 0 0 1 0 1 1 0 0 
centre              0 1 0 0 0 0 0 0 0 0 0 0 0 0 
century             0 0 0 0 0 0 0 0 0 0 1 1 0 0 
club                0 0 0 0 0 0 0 0 1 0 0 0 0 0 
comes               0 0 0 0 0 0 1 0 0 0 0 0 0 0 
conditions          0 0 0 0 0 0 0 0 1 0 0 0 0 0 
continues           0 0 0 0 0 1 1 0 0 0 0 0 0 0 
council             0 0 0 0 0 0 0 0 1 0 0 0 0 0 
cricket             1 1 0 0 0 0 0 2 3 1 0 1 0 0 
day                 0 0 0 0 0 0 0 0 1 0 0 0 0 0 
deliveries          0 0 0 0 0 0 0 1 0 0 0 0 0 0 
delivers            0 0 0 0 1 0 0 0 0 0 0 0 0 0 
developed           0 0 0 0 0 0 0 0 0 0 1 0 0 0 
each                0 0 1 1 0 1 0 0 0 0 0 0 0 0 
empire              0 0 0 0 0 0 0 0 0 0 0 1 0 0 
end                 0 0 0 0 1 0 0 0 0 0 1 0 0 0 
england             0 0 0 0 0 0 0 0 0 1 0 0 0 1 
enough              0 0 0 0 1 0 0 0 0 0 0 0 0 0 
expansion           0 0 0 0 0 0 0 0 0 0 0 1 0 0 
far                 0 0 0 0 1 0 0 0 0 0 0 0 0 0 
field               0 1 0 0 0 0 0 0 0 0 0 0 0 0 
fielding            0 0 0 0 0 0 1 0 0 0 0 0 0 0 
first               0 0 0 0 0 0 0 0 0 1 0 1 0 0 
five                0 0 0 0 0 0 0 1 0 0 0 0 0 0 
for                 0 0 0 0 1 0 0 0 1 0 0 0 0 0 
from                0 0 0 0 0 0 0 1 0 0 0 0 0 0 
full                0 0 0 0 0 0 0 0 0 0 0 0 1 0 
game                0 1 0 0 0 0 0 1 0 0 0 0 1 1 
governing           0 0 0 0 0 0 0 0 0 0 0 0 1 0 
had                 0 0 0 0 0 0 0 0 0 0 1 0 0 0 
has                 0 0 0 0 0 0 0 0 0 0 0 0 1 0 
he                  0 0 0 0 0 1 0 0 0 0 0 0 0 0 
him                 0 0 0 0 1 0 0 0 0 0 0 0 0 0 
his                 0 0 0 0 1 0 0 0 0 0 0 0 0 0 
hit                 0 0 0 0 1 0 0 0 0 0 0 0 0 0 
icc                 0 0 0 0 0 0 0 0 1 0 0 0 1 0 
in                  0 0 1 0 0 0 1 1 0 2 0 0 0 1 
indian              0 0 0 0 0 0 0 0 0 0 0 0 0 1 
indies              0 0 0 0 0 0 0 0 0 0 0 0 0 1 
international       0 0 0 0 0 0 0 0 1 0 0 1 0 0 
into                0 0 0 0 0 0 0 0 0 0 1 0 0 0 
is                  0 2 0 1 0 1 0 0 0 0 0 0 0 1 
it                  0 0 1 0 0 0 0 0 0 0 1 0 0 0 
known               0 0 0 1 0 0 0 0 0 0 0 0 0 0 
laws                0 0 0 0 0 0 0 0 1 0 0 0 0 0 
led                 0 0 0 0 0 0 0 0 0 0 0 1 0 0 
length              0 0 0 0 0 0 0 1 0 0 0 0 0 0 
long                0 1 0 0 0 0 0 0 0 0 0 0 0 0 
maintained          0 0 0 0 0 0 0 0 1 0 0 0 0 0 
marylebone          0 0 0 0 0 0 0 0 1 0 0 0 0 0 
matches             0 0 0 0 0 0 0 0 1 0 0 1 0 0 
mcc                 0 0 0 0 0 0 0 0 1 0 0 0 0 0 
mid                 0 0 0 0 0 0 0 0 0 0 0 1 0 0 
most                0 0 0 0 0 0 0 0 0 0 0 0 0 1 
national            0 0 0 0 0 0 0 0 0 0 1 0 0 0 
of                  0 2 0 0 1 0 0 2 1 0 2 1 0 0 
on                  0 1 0 0 0 0 0 0 0 0 0 0 0 0 
one                 0 0 0 0 0 0 0 0 1 0 0 0 0 0 
other               0 0 1 0 1 0 0 0 0 0 0 0 0 0 
out                 0 0 0 0 0 0 1 0 0 0 0 0 0 0 
over                0 0 0 0 0 0 0 1 0 0 0 0 0 0 
overs               0 0 0 0 0 0 0 1 0 0 0 0 0 0 
overseas            0 0 0 0 0 0 0 0 0 0 0 1 0 0 
per                 0 0 0 0 0 0 0 1 0 0 0 0 0 0 
pitch               0 0 0 0 1 0 0 0 0 0 0 0 0 0 
played              0 1 0 0 0 0 0 1 0 1 0 1 0 0 
players             0 1 0 0 0 0 0 0 0 0 0 0 0 0 
playing             0 0 0 0 0 0 0 0 1 0 0 0 0 0 
point               0 0 0 0 0 0 1 0 0 0 0 0 0 0 
popular             0 0 0 0 0 0 0 0 0 0 0 0 0 1 
professional        0 0 0 0 0 0 0 1 0 0 0 0 0 0 
ranges              0 0 0 0 0 0 0 1 0 0 0 0 0 0 
rectangular         0 1 0 0 0 0 0 0 0 0 0 0 0 0 
roles               0 0 0 0 0 0 1 0 0 0 0 0 0 0 
run                 0 0 0 0 1 0 0 0 0 0 0 0 0 0 
runs                0 0 1 0 0 0 0 0 0 0 0 0 0 0 
s                   0 0 0 0 0 0 0 0 0 0 0 0 1 0 
score               0 0 1 0 1 0 0 0 0 0 0 0 0 0 
side                0 0 0 0 0 0 0 1 0 0 0 0 0 0 
six                 0 0 0 0 0 0 0 1 0 0 0 0 0 0 
southern            0 0 0 0 0 0 0 0 0 1 0 0 0 1 
sport               0 0 0 0 0 0 0 0 0 0 1 0 0 0 
standard            0 0 0 0 0 0 0 0 1 0 0 0 0 0 
subcontinent        0 0 0 0 0 0 0 0 0 0 0 0 0 1 
switch              0 0 0 0 0 0 1 0 0 0 0 0 0 0 
takes               0 0 1 0 0 0 0 0 0 0 0 0 0 0 
team                1 0 2 0 0 0 2 0 0 0 0 0 0 0 
teams               0 1 0 0 0 0 1 0 0 0 0 0 0 0 
ten                 0 0 0 0 0 0 1 0 0 0 0 0 0 0 
test                0 0 0 0 0 0 0 1 1 0 0 0 0 0 
the                 0 1 1 0 6 0 3 1 3 1 3 4 2 3 
to                  0 0 2 0 4 0 1 1 0 0 0 1 0 0 
turn                0 0 1 1 0 0 0 0 0 0 0 0 0 0 
two                 1 1 0 0 0 0 0 0 0 0 0 0 0 0 
until               0 0 0 0 0 1 1 0 0 0 0 0 0 0 
was                 0 0 0 0 0 0 0 0 0 1 0 0 0 0 
were                0 0 0 0 0 0 0 0 0 0 0 1 0 0 
west                0 0 0 0 0 0 0 0 0 0 0 0 0 1 
which               0 1 0 0 0 0 1 0 0 0 0 0 0 0 
while               0 0 1 0 0 0 0 0 0 0 0 0 0 0 
who                 0 0 0 0 1 0 0 0 0 0 0 0 0 0 
with                0 0 0 0 1 0 0 0 1 0 0 0 0 0 
yard                0 1 0 0 0 0 0 0 0 0 0 0 0 0 
